100
101
102
103
104
105
106
101
107
108
109
110
111
112
113
114
101
101
115
115
116
117
118
119
120
113
114
101
121
122
123
118
124
125
126
127
114
114
128
128
115
115
115
115
103
121
129
130
131
107
132
117
133
134
135
135
108
108
126
110
136
137
138
139
113
113
113
114
140
128
106
101
101
101
101
115
115
141
142
123
143
132
144
145
133
146
147
148
149
125
150
151
151
138
152
153
154
113
113
113
114
114
114
140
106
106
115
115
115
115
103
121
121
129
130
155
141
131
100
142
156
157
158
159
160
143
132
144
144
144
161
162
163
163
164
117
117
117
117
117
117
117
117
165
166
167
168
169
133
146
146
146
118
118
118
118
118
118
118
118
118
170
171
170
134
134
134
148
149
172
173
174
175
176
125
177
178
109
104
179
111
111
180
181
181
182
183
150
150
150
150
184
185
186
186
105
187
138
152
188
189
190
191
113
114
192
193
128
128
194
194
194
195
196
106
106
106
115
115
115
115
115
115
115
115
115
115
115
115
115
103
103
121
121
121
121
197
198
199
200
155
201
201
141
131
131
131
202
203
204
142
142
142
142
142
142
205
206
